2000050613 15 1 2 1
2000050703 14 1 2 1
2000055293 15 1 2 0
2000055383 14 1 2 0
2000059906 15 1 2 1
2000059996 14 1 2 1
2000064653 15 1 2 0
2000064743 14 1 2 0
2000069266 15 1 2 1
2000069356 14 1 2 1
2000070953 15 1 2 0
2000071403 14 1 2 0
2000465963 20 1 2 1
2000470103 20 1 2 0
2000475526 20 1 2 1
2000479643 20 1 2 0
2000484493 4 1 5 1
2000484976 20 1 2 1
2000488733 4 1 5 0
2000489093 20 1 2 0
2000492806 4 1 5 1
2000494426 20 1 2 1
2000498363 4 1 5 0
2000498543 20 1 2 0
2000502346 4 1 5 1
2000503876 20 1 2 1
2000507813 4 1 5 0
2000507993 20 1 2 0
2000512156 20 1 2 1
2000514856 4 1 5 1
2000518433 20 1 2 0
2000518443 13 1 4 1
2000521323 13 1 4 0
2000521336 20 1 2 1
2000523226 4 1 5 0
2000526466 20 1 2 0
2000528919 20 1 2 1
2000530359 4 1 5 1
2000532776 13 1 4 1
2000535723 13 1 4 0
2000536816 20 1 2 0
2000538796 4 1 5 0
2000542239 20 1 2 1
2000542869 4 1 5 1
2000546636 13 1 4 1
2000546986 20 1 2 0
2000547616 4 1 5 0
2000549763 13 1 4 0
2000549979 4 1 5 1
2000555276 13 1 4 1
2000558583 13 1 4 0
2000560216 4 1 5 0
2000564829 4 1 5 1
2000565986 13 1 4 1
2000570823 13 1 4 0
2000575696 4 1 5 0
2000577776 13 1 4 1
2000579589 4 1 5 1
2000581353 13 1 4 0
2000585506 4 1 5 0
2000587136 13 1 4 1
2000588949 4 1 5 1
2000591613 13 1 4 0
2000596396 4 1 5 0
2000597126 13 1 4 1
2000600019 4 1 5 1
2000601603 13 1 4 0
2000607016 4 1 5 0
2000608466 13 1 4 1
2000610459 4 1 5 1
2000614383 13 1 4 0
2000620696 4 1 5 0
2000621246 13 1 4 1
2000623779 4 1 5 1
2000626533 13 1 4 0
2000630686 4 1 5 0
2000884303 14 1 2 1
2000885768 15 1 2 1
2000888263 14 1 2 0
2000889612 15 1 2 0
2000892876 14 1 2 1
2000894225 15 1 2 1
2000897622 14 1 2 0
2000898973 15 1 2 0
2000902235 14 1 2 1
2000903586 15 1 2 1
2000906982 14 1 2 0
2000908332 15 1 2 0
2000911595 14 1 2 1
2000912945 15 1 2 1
2000916343 14 1 2 0
2000917782 15 1 2 0
2000921046 14 1 2 1
2000922305 15 1 2 1
2000925613 14 1 2 0
2000927142 15 1 2 0
2000930316 14 1 2 1
2000931665 15 1 2 1
2000935692 15 1 2 0
2000936053 14 1 2 0
2000939315 15 1 2 1
2000941926 14 1 2 1
2000944062 15 1 2 0
2000946672 14 1 2 0
2000948585 15 1 2 1
2000951375 14 1 2 1
2000953332 15 1 2 0
2000956213 14 1 2 0
2000958035 15 1 2 1
2000960826 14 1 2 1
2000962423 15 1 2 0
2000965482 14 1 2 0
2000970095 14 1 2 1
2000974752 14 1 2 0
2000979545 14 1 2 1
2000986002 14 1 2 0
2001007352 3 1 1 1
2001011015 3 1 1 0
2001017698 3 1 1 1
2001021185 3 1 1 0
2001028408 3 1 1 1
2001031805 3 1 1 0
2001040108 3 1 1 1
2001041705 3 1 1 0
2001298298 20 1 2 1
2001302123 20 1 2 0
2001307186 20 1 2 1
2001311573 20 1 2 0
2001312125 4 1 5 1
2001316253 4 1 5 0
2001316636 20 1 2 1
2001320506 4 1 5 1
2001321023 20 1 2 0
2001325613 4 1 5 0
2001326086 20 1 2 1
2001329776 4 1 5 1
2001330473 20 1 2 0
2001334883 4 1 5 0
2001335626 20 1 2 1
2001339046 4 1 5 1
2001339483 13 1 4 1
2001340013 20 1 2 0
2001342363 13 1 4 0
2001342556 20 1 2 1
2001346966 4 1 5 0
2001347596 20 1 2 0
2001350229 20 1 2 1
2001353186 13 1 4 1
2001353739 4 1 5 1
2001356223 13 1 4 0
2001357580 34 0 1 1
2001358126 20 1 2 0
2001360929 34 0 1 0
2001362266 4 1 5 0
2001363189 20 1 2 1
2001367406 13 1 4 1
2001367823 34 0 1 1
2001368499 4 1 5 1
2001370353 13 1 4 0
2001371806 20 1 2 0
2001374609 34 0 1 0
2001376869 20 1 2 1
2001376936 4 1 5 0
2001378296 13 1 4 1
2001381189 4 1 5 1
2001381333 13 1 4 0
2001381503 34 0 1 1
2001384226 20 1 2 0
2001386939 34 0 1 0
2001387535 1 1 2 1
2001389289 20 1 2 1
2001389356 4 1 5 0
2001389366 13 1 4 1
2001392069 1 1 2 0
2001392403 13 1 4 0
2001392709 4 1 5 1
2001394112 34 0 1 1
2001396556 20 1 2 0
2001396862 1 1 2 1
2001399269 34 0 1 0
2001400966 4 1 5 0
2001401709 20 1 2 1
2001402146 13 1 4 1
2001403679 1 1 2 0
2001405489 4 1 5 1
2001405723 13 1 4 0
2001406569 34 0 1 1
2001409516 20 1 2 0
2001410182 1 1 2 1
2001412229 34 0 1 0
2001413026 4 1 5 0
2001413666 13 1 4 1
2001413769 20 1 2 1
2001415739 1 1 2 0
2001416199 4 1 5 1
2001416883 13 1 4 0
2001418414 34 0 1 1
2001420352 1 1 2 1
2001420766 4 1 5 0
2001423389 1 1 2 0
2001423826 20 1 2 0
2001424749 4 1 5 1
2001426449 34 0 1 0
2001428336 13 1 4 1
2001429172 1 1 2 1
2001429879 20 1 2 1
2001431373 13 1 4 0
2001432916 4 1 5 0
2001435539 1 1 2 0
2001435927 34 0 1 1
2001439149 4 1 5 1
2001439216 20 1 2 0
2001441749 34 0 1 0
2001444279 20 1 2 1
2001444346 4 1 5 0
2001444742 1 1 2 1
2001446786 13 1 4 1
2001446969 1 1 2 0
2001448599 4 1 5 1
2001449913 13 1 4 0
2001450310 34 0 1 1
2001451726 20 1 2 0
2001453292 1 1 2 1
2001454079 34 0 1 0
2001456789 20 1 2 1
2001456856 4 1 5 0
2001459479 1 1 2 0
2001460209 4 1 5 1
2001460276 20 1 2 0
2001460286 13 1 4 1
2001462873 13 1 4 0
2001463629 20 1 2 1
2001465262 1 1 2 1
2001468016 4 1 5 0
2001470172 34 0 1 1
2001470806 20 1 2 0
2001471089 1 1 2 0
2001472539 4 1 5 1
2001473069 34 0 1 0
2001476306 13 1 4 1
2001476859 20 1 2 1
2001476926 4 1 5 0
2001477412 1 1 2 1
2001479279 1 1 2 0
2001479649 4 1 5 1
2001479703 13 1 4 0
2001483046 4 1 5 0
2001483532 1 1 2 1
2001484409 1 1 2 0
2001485410 34 0 1 1
2001487479 4 1 5 1
2001487546 20 1 2 0
2001489809 34 0 1 0
2001491542 1 1 2 1
2001492416 13 1 4 1
2001493599 20 1 2 1
2001495903 13 1 4 0
2001497086 4 1 5 0
2001499619 1 1 2 0
2001502318 34 0 1 1
2001503319 4 1 5 1
2001503386 20 1 2 0
2001505559 34 0 1 0
2001508449 20 1 2 1
2001508516 4 1 5 0
2001508976 13 1 4 1
2001511833 13 1 4 0
2001512319 4 1 5 1
2001515626 20 1 2 0
2001516382 1 1 2 1
2001520306 4 1 5 0
2001520689 20 1 2 1
2001521216 13 1 4 1
2001522299 1 1 2 0
2001524109 4 1 5 1
2001524523 13 1 4 0
2001527416 20 1 2 0
2001528037 34 0 1 1
2001528712 1 1 2 1
2001529139 34 0 1 0
2001530769 20 1 2 1
2001530836 4 1 5 0
2001533279 1 1 2 0
2001535359 4 1 5 1
2001535426 20 1 2 0
2001537056 13 1 4 1
2001540399 20 1 2 1
2001540453 13 1 4 0
2001541132 1 1 2 1
2001544876 4 1 5 0
2001546326 13 1 4 1
2001547409 1 1 2 0
2001549124 34 0 1 1
2001549633 13 1 4 0
2001549669 4 1 5 1
2001552976 4 1 5 0
2001554326 20 1 2 0
2001555339 4 1 5 1
2001556409 34 0 1 0
2001560186 13 1 4 1
2001561459 20 1 2 1
2001561832 1 1 2 1
2001563583 13 1 4 0
2001564856 4 1 5 0
2001567119 1 1 2 0
2001571089 4 1 5 1
2001571156 20 1 2 0
2001572876 13 1 4 1
2001576183 13 1 4 0
2001576219 20 1 2 1
2001579022 1 1 2 1
2001579526 4 1 5 0
2001582869 1 1 2 0
2001583329 4 1 5 1
2001583396 20 1 2 0
2001586736 13 1 4 1
2001588459 20 1 2 1
2001590763 13 1 4 0
2001591262 1 1 2 1
2001592486 4 1 5 0
2001595829 1 1 2 0
2001596289 4 1 5 1
2001596356 20 1 2 0
2001596636 13 1 4 1
2001599709 20 1 2 1
2001600483 13 1 4 0
2001601342 1 1 2 1
2001603556 4 1 5 0
2001606539 1 1 2 0
2001608079 4 1 5 1
2001608146 20 1 2 0
2001609776 13 1 4 1
2001612592 1 1 2 1
2001613119 20 1 2 1
2001614433 13 1 4 0
2001617776 4 1 5 0
2001620849 1 1 2 0
2001624986 13 1 4 1
2001624999 4 1 5 1
2001625066 20 1 2 0
2001628329 20 1 2 1
2001628522 1 1 2 1
2001629643 13 1 4 0
2001632986 20 1 2 0
2001636789 20 1 2 1
2001636856 4 1 5 0
2001639029 1 1 2 0
2001643089 4 1 5 1
2001643156 20 1 2 0
2001644876 13 1 4 1
2001648219 20 1 2 1
2001648453 13 1 4 0
2001651796 4 1 5 0
2001655599 4 1 5 1
2001655666 20 1 2 0
2001660729 20 1 2 1
2001660796 4 1 5 0
2001664599 4 1 5 1
2001664666 20 1 2 0
2001668019 20 1 2 1
2001668086 4 1 5 0
2001672609 4 1 5 1
2001672676 20 1 2 0
2001677649 20 1 2 1
2001677716 4 1 5 0
2001684939 4 1 5 1
2001685006 20 1 2 0
2001691036 4 1 5 0
2001692139 20 1 2 1
2001698506 20 1 2 0
2001703569 20 1 2 1
2001707506 20 1 2 0
2002145154 13 1 4 1
2002148124 13 1 4 0
2002155383 4 1 5 1
2002158937 4 1 5 0
2002165890 4 1 5 1
2002169737 4 1 5 0
2002175340 4 1 5 1
2002179367 4 1 5 0
2002183392 20 1 2 1
2002184970 4 1 5 1
2002187647 20 1 2 0
2002188997 4 1 5 0
2002191540 20 1 2 1
2002194690 4 1 5 1
2002197277 20 1 2 0
2002201147 4 1 5 0
2002203600 20 1 2 1
2002206840 4 1 5 1
2002209427 20 1 2 0
2002210093 1 1 2 1
2002210867 4 1 5 0
2002213860 4 1 5 1
2002214210 1 1 2 0
2002215930 20 1 2 1
2002217203 1 1 2 1
2002218697 4 1 5 0
2002221757 20 1 2 0
2002222040 1 1 2 0
2002224300 4 1 5 1
2002227643 1 1 2 1
2002228440 20 1 2 1
2002231027 4 1 5 0
2002234370 1 1 2 0
2002235617 20 1 2 0
2002236630 4 1 5 1
2002239973 1 1 2 1
2002241400 20 1 2 1
2002241557 4 1 5 0
2002244900 1 1 2 0
2002247227 20 1 2 0
2002247250 4 1 5 1
2002250593 1 1 2 1
2002253640 20 1 2 1
2002253797 4 1 5 0
2002257140 1 1 2 0
2002260187 20 1 2 0
20